3
-1097
-25
-2160
1576
4160
-3248
3135
-2
1937
43
64
-1286
-1800
-8
738
366
13680
-20
3320
425
952
-99
1781
520
4
-7296
336
22
-897
-166
450
-21
-30
9
63
4026
97
98
336
-54
-5
-9520
-290
27
3125
-113496
63
18
122
11
13
760
792
9
21
10
6446
3472
12
-19
332
52
1484
-960
166
81
-224
64
-42
136
28
300
1003
132
541
47
665
399
-17
18
8354
73
354
1340
17136
339
240
378
22
51
100
28
-273580
168
-11
273
1972
52
1872
-39
497
5
48400
-118
1270
578
1440
2084
40
-3
1102
-242
-59840
575
14
82
93
42
-2520
299
455
-66
952
137
160
-47
-21
-17
20076
16
-7
-95
55
-101
228
69
-5
120
2520
1941
1172
-750
-121
4490
-186
10472
1
1573
-71
6240
29
-88
288
-18
21
238
352
6976
12
11
810
9
324
-220
233472
1156
505
370
-468
7600
16796
-171
15568
867
0
62700
19
0
30
48353
3
-12
31122
61
-590
655
-48
250
896
220
5616
0
-11
7
509760
-884
-21
3060
301056
-108
24
22
-165
6160
-713
-30960
-12
6
-531
-11
11
-11
2880
-946
140
-222
-306
45760
-212
53
100
-3
-223
2056
50
-21
4
167
-165
164
-408
2883
38896
-629
54
72
915
576
14400
528
-121
-25200
22
47880
800
3688
39
243360
30
-48
722
752
1121
186
132
-15
136
6
12
884
87
90
-741
62
6
299
6360
53
14
1311
900
-5504
-34
194
730
47
-101
-13
-348
14300
315
4
-49
-8
75
13
-18
18021
1980
58
43
63
197
-144
8
9122
868
-28
-4
-136
255
-91
20785
-1071
-840
-227
-50
14
-11
-408
20
52
332
98
200
-84
28
-210
71
1765
65637
4
-84
-66
43
264
134
48600
5
289
-1824
154
80
-4
2893
9
166
-8
-151
28
14
-441
-16
2
2754
-6
6300
51
39
-293
140
23
68
-151
-3
240
-53
21
10
72
-3
44
-504
15
0
-350
102
9
146
-31500
8
37
588
707
-225
-90
2444
-209
396
4
-18
16
-309
-4336
-15
-11516
665
335
-280
1
13
74
11
39123
-8
-287
-997
1308
43
-70
3536
-449
-3715
66
411540
1348
-249
2928
-2457
3
-31
219
-62
49
-729
11
42
-191
-1368
11
12
22
-42
1246
-354
290
-1136
-740
18
840
350
66
1053
391
1152
2285
-24
16
-4
1309
128
65
-207
-767
91
20
-317775
-16
1944
-14
-30
-86
516
187
-9
-71
-216
-384
11
316
21
-30699
96
212
0
-5
25
26
30
-3916
-225
-318
15488
14
271
131
44
368
176
2104
122
476
19584
-10
12150
2
44
284
-3
23
40
-24
530
196
-185
-24
-238
94
29
25
-58
155
132
-51
38016
110
-5
4800
78
37
-1224
510
90
0
-1050
720
163
20
45
9
5289
-5445
-60
3351
-2
-576
168
15
1
11
13500
-264
25
112339
-11586
-233
942
-1605
-29
-183
25
5
-13713
1197
-1368
41
-1152
10
3394
377
280
5148
144
69
121
-15
-5
41
400
-267
-156
-6
413
858
188
2529
-86
10161
-85
616
17
645
3
5964
-308
2080
136
-47
3420
45
19
-611
19
-131
319
1544
-1716
198
-75
36
14
-28
1425
67
279
5784
588
-34395
10
407
47
4400
124
35
84
246
459
-72
-332
-3800
58240
7
-297
10
78
-30000
-12
105
3
-114
31
-4
3171
750
-14
55
-355
225
125712
-1440
-114
-78
-37
-141
-4
50400
191
-40
21
-25
8642
53
152
5
-182
234
155
288
-307
27
5
30
169
45
764
114912
-33
229
17
-202
-66
235
82
893
277
19
-281
-3404
-4306119
-350
29
453
2705
77256
142
-27643
143
-10
292
301
420
11
-33
-324
-21
143
2000
32
288
-17
2002
-1512
16
-67
3357
186
-15
-278
-980
90
160
36
-407
7083
19
-338
1096
31488
324
-16
240
18
329
36
-10
-696
562
-1705
-260
-167
16
614
-45
-15
-54
30
-360
306
1752
-567
-1120
19
280
8
44
-91
60
987
-251
-237
-70
-7
89
273
220
8
-158
1656
600
9
548
-171
-4
-76
-26
36
1470
4320
18
104
-25
-28
1
-224
9365
1432
58800
135
6
492
45
5616
271
-2
59
65
288
14784
59010
496
-2001
-5144
10693
582
465
-31
840
175
50
189
53
-17
14979
42
-272
40
9
21
54
6370
-726
295
-77
22
45
90
-15
14784
30
884
-4048
-31616
155
-12883
-12
324
26
114
5100
-10
-11
306
-19
-30
2800
7
-226
18
3228
21
95
2100
105
-336
143
55
4044
13
-1037
-136
33265
143
7
900
104
1
343
1296
14
296
163
-3
3456
-2757
-25
315
13680
62
31
-561
-112
1465
1186
7
98
-183
-46
1810
122
12
-13
123
31
32264
552
12160
-7
-3
-1722
561
215
98
311
-45
-60
4571
170
-5550
15
189
29
-324
540
231
-3596
-21
-490
-268
6390
-18
3181
156
3
1512
1535
-140
24203
72
-11
38
3
39
-248
104
5760
-9
85
-73
-71
302
31
10
-117
-710
-48
80
909
36
352
29
326
-14
-16
31
1417
450
-289
-242
-76
242
230
-362
57
34560
23
13
-195
580
66366
18
-29
300
202
96
280
-29
-102
252
32
30
-43
-269
1148
-47
186
2871
-120
404
18
901
-20
-34
-1022
-3
465
8901
48
175
-307
-2882
4200
146
-375
-4596456
20
-9
420
480
-97
37940
17
3
-41
94
-474
-57
-17
-6336
48600
-3096
-32040
22
-490
13
-182
329
4264
-28
-1824
-9
4160
87120
-15
22
195
5
167
-736
206
-339
22
-10290
513
