1010100000
110011011100
11011100100
101010111010
11000100111
110100111011
11101001001
110010100110
10011011001
1010101101
111011100100
11100011000
111011000100
110100010010
10000100001
110100010110
101000111011
11010000001
100110000100
11101000
1111011
101000110
101101111100
10000101000
10010101011
1101011010
111010010110
1001111101
10001010100
1010010101
11100010010
1110000000
1001011011
1001000110
101100011010
111010101101
1010011001
1010110000
101011001101
10011000110
10100111011
111010010011
11100001010
1101101001
11010100001
111000010000
111000011001
101001111011
101111111111
111100111010
100010111110
100101010100
1001101101
100101001111
10100010110
11100001111
1001101010
111100110100
101110000100
11010111101
111110100001
110011
1000000111
101110101100
100011110111
11010110111
1111000001
10100011000
100001110011
10100111011
111111111011
110101010101
110111001000
111100011111
111001001101
101001001000
111110000101
100000101
11101010
1111111110
111100001000
101110011111
111011010010
101001111110
1001101
1101101101
110111100111
100000000110
101010101111
100011111
111100110111
111100101111
101011011011
1100111010
100000010101
10000001101
10110011000
100110000010
1111111010
10111111010
111111100000
101001111010
10101011110
100110011001
100111110111
101101000010
10101011011
1111100010
100101101011
100010100011
1010011101
1101110011
1101010010
11101010001
100111000010
11110001011
10111001011
100001100
100110101100
11110111010
10100001100
11001100001
1100110
111001100111
110000001000
111101110
11101110010
110010100011
100101001010
11101011111
111110011111
1101110011
101101101
110001110101
11101100111
110000001100
1111000
101100000100
101110111101
11011111111
11010101010
101100110000
110001010010
100110101011
11001100
110100
110111111100
101110100000
110000001111
11110000111
11000100010
100110010110
11101111100
100111111101
110101000100
10000011100
11100110111
111011100
10011100101
110111111
111100111110
100010000101
101101011111
111010101
110100110001
11101101001
101110111010
100111100001
101111011111
100110101100
11110000
110100010101
101100100001
11001000
11101011100
101000100110
110100000010
100101110000
110101000011
10011000
101111101100
100111011010
100101100001
10010000
11101101010
10000010110
101000001001
100011010011
1011110000
10101001101
11001100001
1001111001
11001111111
11110111100
1011100010
10001
111110011011
101011110110
11010101
100000010011
10010111011
101011110
110100101010
111001001111
1100100110
11001000
10110011110
110110100110
110000101100
111011000
111100111011
1111101011
110010100000
101000100110
1101001000
110110010100
11000001101
10101100111
10100011100
101110001111
110111010101
11101011010
10100010010
110100000110
110001001
110001110010
111001111011
11101100001
1101001010
111100110100
110111000100
1001011000
10010111
11000010000
100100011111
1110001101
101010101111
110111100
110010110100
1101110001
101111100011
110000100100
11100111111
100010000
100100110011
10111110110
100001110101
110001001
10101001100
1111110100
10001110
110101100100
100010110100
10111100111
101111010101
1011010101
11110100101
1111100
110100011011
10
10000111010
10100111
11000101001
101000101001
11110100101
11000011110
100001100111
1011100110
10100100100
110011001011
100001001100
11011000
10111110111
100100101011
110111110111
110100111110
101001010000
110000000011
1100011110
100111110110
11100010111
11011010000
11010011010
100100011100
1110111101
11110101110
100010011110
1110111000
101011011011
100101100001
10001100110
10110111010
10110110100
1101000011
110101000010
101011101010
110010100011
1000110111
100001110100
110101010100
110010100000
111010001111
10101100100
100011011010
101100110101
101101101000
10011111111
111010100001
1011111000
111111111011
110000001100
111000000100
100001001011
111001010001
10111000000
111100111011
10000011110
111100100001
110010000001
111000110100
110010101011
110010010110
101000110000
100000010001
100000101111
100010100
111001100000
100101001000
101110100110
111010110000
1000001
10011001111
100111010
100101001011
101111011000
111011001011
11101001111
110100101100
10110001011
110001101100
101001101101
101011000000
110101010100
110011111110
101010000100
110101010
111101
100010001000
1011110011
100101110101
1101110010
101100011010
11111110111
101100011011
11000110010
110001111001
10100110100
1101011011
10101011001
111011001001
1010001
11100010111
11000101100
10100011010
10101000101
101010101001
11111010011
110010010101
11101111100
111110000100
100011001001
1010110011
100001100011
1010001100
10011100001
11101100100
10000010
1111001101
1111111010
111010100110
1100000100
10011001010
10110000001
10011110100
101100111
1110000101
110110100
111001110010
11011000111
111010100010
111000110
111100001111
11001100100
100011111010
11
100110100010
101001010111
110111100010
110111111010
110110110100
11010000000
111010000010
10101010001
101010011110
101101011001
10111110011
1010001011
111011101
111100111110
1001101010
110000000000
110010001111
110100110101
1010100
110011001011
10010111110
11010011011
11011111
1101100011
11000
1111000100
101101011101
11100001010
111101001101
101100101100
1111001111
1101111010
110110011001
111110010000
110001111100
100101100
101111111100
101011000001
11000101
100010100
110100000011
10011100001
101000010100
1011001101
100000111001
111101001000
101110111010
10011011101
101001000110
100110001100
11101000111
11100000000
101110001111
110110101111
101001100
10010110000
110000100100
100110100010
100110011111
100110111110
11100101011
101110100100
110100111100
110010111
10101111001
100011100011
11
10101001
111111111000
11001010
11101111000
111011110111
101001101101
111011000110
11001100111
100000101000
101001011101
1010101111
1011010011
1101011001
100000001100
1110101110
111110100101
1110101
110101100100
101100111001
11010111
100101101010
1100111010
100101000010
100000101100
11010111100
1110010010
110010111000
11111100
1110011001
10010101010
10001101011
10010001
1000101001
101111001101
1101101001
100100111011
11011000001
110001010000
11010001110
10101111011
10101111001
110010100100
110101010000
1111101110
110010011001
101100110101
101110
1111000000
10100010101
10001001
10010100101
100111000001
100100001111
111110011011
101111010011
100110101000
10001001000
11010011011
101110010
101011000110
10111101
10011001011
110111000011
11011000110
110011011111
110111011110
101101100010
111100011101
110111100111
110000000101
100101100000
111000001000
1010
10110100110
100110110111
11110000100
1011010000
11100011011
100010111000
100101101001
1111101101
100110001010
10001101011
11010111001
1010
11000101010
110100111111
101100101111
11011110000
101100110111
101011011
11101110110
101100001000
11010000011
100111000110
100110001001
100001110
110000110101
100101111000
10111011000
10011001110
111011010101
111001011101
110000
110110100111
110011011011
10111010111
1101100100
100111011010
111100011010
11111010000
11100011
11000000001
100110110101
111100100001
100011110000
10010101100
1110000001
101100011001
10001111110
1011100111
101101001110
100110110
111100110000
111001001110
11110
111101100111
10110110
11000110010
1100101100
10000111011
110101110101
111010010101
110001111110
11110111111
11011111110
100010011011
110001001101
1110010110
1100101
100001110
100000110001
100001111
11011001101
110011110100
110010111000
111111111
11000001101
111001001
1110110011
10001010010
111011001100
11010000
10111010111
101010110010
11001
1001111101
100001111101
110001010100
10110111
10110101010
111100111
10110000011
100011001
11101010
110000101101
11000100011
1101111
100001100110
10000100010
110000111101
111110100001
10100010
100111011010
111011010001
101001111111
111000101110
111010011010
110000100000
10001011100
110000111000
110000100
10010011010
11111111110
110110111000
110111111000
11010000010
111001101
1110011001
10101
10001111110
111011011011
11001100101
110100001001
1001000111
10011111111
101110010
11001110100
10111101011
111101111100
100001010110
110111011111
11100011110
10101000000
10101111010
101110011100
111010011
110110001000
10111110110
110000101
110101110
100100110001
111010101110
10101101100
11011111001
100010100110
1111110010
101111101
1110001110
111100111
10100001101
111101000
1100010100
1110110111
110011000110
100101101110
1100000
100000100010
101100011
101111000010
100111000010
10010000001
100100001111
101101101
110111100001
11001001111
101000111000
1101010111
110100101110
111000001101
111000111
101111000
11010100
111001100010
111000100111
110110111110
11000011101
111011111001
1000011010
101001100111
1000000101
110000101
111011010100
100101010110
111100110101
1001101011
100000101000
1011101111
1100100011
100111110001
100110010011
101111111011
100001010101
101110010001
10101001110
11010101000
11000011111
111110111010
111001110
10000001
101001110110
10010101010
100111000011
100100101101
11011000101
1110110010
110101011001
110001001011
100011111111
1000110
11111010011
101010111110
10110110110
110100110110
10100101100
110001001001
11100100110
1110101000
1101111101
10000011100
10001101011
1011011100
111100000101
11111100010
10001010000
10110100011
11111000111
110101010001
100010110101
1100111000
101001011110
111001000011
10101000001
110110110010
111101000101
10101100001
111111101011
101000010011
101101100110
101110100000
11010011
1101010010
110000000001
100011101
10010110110
11010001
11011000100
100100010111
101100011001
101110000011
11111010110
101001101010
110000110001
1011010100
100001000100
1010011011
10011110111
111001000100
110100011111
101010111
111011100001
101000110010
110110010101
100111110110
110100110100
111110111000
110001101101
10110100001
1011100
11000010111
101110010010
101101110100
101011101010
11100000
10010011010
101011100011
111110001010
111101001110
11011101111
1000000111
101000010101
1101011010
111100011001
11110001111
11001011011
11101000010
10000011110
100111000111
10011001011
11100011111
100110101111
101101001101
110010011010
101101011
100100100
100011001011
10001010010
100011010100
101101111001
1110011110
101111111011
1001000000
1111110010
101111111010
110101111010
11011110000
111111011111
111101110001
1111011010
101000111111
1100110000
10100010001
100010000110
11101010101
110100100000
100010111110
101001000
1100001000
101010101110
10101111010
110001111110
1111100001
1111001010
110001001100
101001100011
1110101
110111111101
11110101011
100000101010
11001010000
111011110110
111111100011
111100110
101011110110
101001011011
100001111100
110101010
111110100110
1101001001
100111101101
101011110111
11100101001
111011011100
111010110100
111000101000
11011111000
111001110101
110110111000
11010110101
100010001
1111110101
11001000
110001110001
11010001011
11001101011
101111100001
10100011110
10000000000
10011010100
1110100101
111001001110
10011110001
11100111101
111011100100
11010100100
111010000001
10011011000
1110110011
110101111011
100101010
111010011011
100101011100
11101110100
10101010011
110110010
101011011111
110100001000
111000111111
1111010001
11010000110
10100100010
111101111010
110110011101
1101111000
111110101011
100111110110
110110000001
101001100111
110111101011
100101110011
111110101000
111010111100
1111111100
101100000111
10110001100
1110000000
10101010
10110111011
100000011111
110000010010
110110110011
11011000010
110001111001
10110110110
10110001101
101110010011
10010111010
100011101101
10111100000
100000010
111101000111
110100010101
101101111111
10110111100
101010
10110000001
100000111001
110111001000
110000100000
11011101000
101000101011
111000110010
100000010000
1011
100111011010
10100001100
11101101110
10001011110
100011110001
110100110111
101010101110
10101000110
1010110101
100011111110
100000110001
10011011010
110010010001
1110010001
101010011100
110011010100
110000010001
101101011001
1000001010
100010011111
10000100010
110111100100
101101000110
11010001010
100011000011
100010011101
101110110110
100100001011
11011101011
100100101100
11100010110
1000111110
11001100010
101011100110
1101101010
10101000000
100101111000
1111001000
100010000100
101010010010
100111011001
10001
101111101001
10111111111
100111111111
1000110100
110000011111
11010100001
11011100100
101001100100
10111011000
101101
100001100
1101001100
100111010010
100010001001
110111100001
100001000110
110011111
10101100101
10010110011
10111100010
100100101011
110010110011
10101010110
11111000100
11110101101
111111100010
