336
1646
882
1373
787
1693
932
1619
620
342
1906
908
1890
1673
528
1675
1309
832
1218
116
61
163
1470
532
597
429
1867
318
554
330
905
448
301
291
1421
1878
332
344
1382
611
669
1865
901
436
848
1800
1804
1341
1535
1949
1119
1194
310
1191
651
903
309
1946
1474
862
2000
25
259
1494
1147
859
480
652
1081
669
2045
1706
1764
1935
1830
1316
1986
130
117
511
1924
1487
1897
1343
38
438
1779
1027
1367
143
1947
1943
1389
413
1034
518
716
1217
509
765
2032
1341
687
1228
1275
1441
685
497
1205
1105
334
441
425
936
1249
965
741
134
1238
989
646
816
51
1843
1540
247
953
1617
1189
943
1999
441
182
1594
947
1542
60
1410
1502
895
853
1432
1577
1237
102
26
1790
1488
1543
963
785
1227
958
1278
1698
526
923
238
626
223
1951
1090
1455
234
1688
948
1501
1264
1519
1238
120
1674
1424
100
942
1299
1665
1208
1697
76
1526
1261
1200
72
949
523
1284
1129
376
678
816
316
831
990
369
8
1997
1403
106
1033
605
175
1685
1831
403
100
719
1747
1558
236
1949
501
1616
1299
420
1738
774
691
654
1479
1770
941
649
1667
196
1593
1853
944
421
1946
1762
300
75
776
1167
454
1367
222
1626
440
1521
1554
927
136
1177
763
1082
196
678
506
71
1714
1114
755
1514
362
978
62
1677
1
541
83
788
1300
978
783
1075
371
658
1637
1062
108
763
1173
1787
1695
1320
1537
399
1275
907
872
845
1166
478
983
1103
476
1389
1200
563
733
730
417
1697
1397
1617
283
1082
1706
1616
1863
690
1133
1434
1460
639
1872
380
2045
1542
1794
1061
1832
736
1949
527
1936
1600
1818
1621
1611
1304
1032
1047
138
1840
1188
1491
1880
32
615
157
1189
1516
1893
935
1686
709
1590
1334
1376
1706
1663
1346
213
30
1092
377
1210
441
1421
1019
1421
793
1596
666
429
684
1892
40
907
790
653
674
1364
1001
1610
958
1986
1124
345
1073
326
624
946
65
486
509
1875
386
613
704
634
179
450
218
1849
867
1873
227
1927
818
1149
1
1233
1323
1777
1789
1754
832
1857
680
1359
1452
761
325
238
1951
309
1536
1607
1690
42
1637
607
845
111
433
12
482
1454
901
1958
1430
487
445
1740
1992
1598
150
1534
1376
98
138
1665
624
1290
358
1052
1956
1501
622
1315
1222
931
896
1479
1751
166
600
1554
1233
1231
1247
917
1490
1694
203
700
1137
1
84
2044
101
956
1915
1334
1891
819
1044
1326
343
361
428
1030
471
2002
58
1714
1436
107
1205
413
1185
1046
862
457
1628
126
460
597
565
72
276
1510
436
1181
864
1576
839
701
700
1618
1704
503
1612
1434
23
480
650
68
594
1248
1159
1997
1513
1236
548
845
185
1379
94
613
1761
867
1647
1775
1457
1934
1779
1538
1200
1796
5
723
1243
962
360
909
1116
1204
502
1221
565
860
5
789
1695
1431
888
1435
173
955
1412
833
1251
1220
135
1562
1212
748
615
1898
1838
24
1747
1645
747
434
1261
1933
1000
113
768
1242
1936
1144
598
448
1420
575
371
1447
155
1944
1831
15
1971
91
793
406
541
1722
1866
1599
991
895
1101
1574
459
50
135
1048
135
870
1658
1628
255
774
228
473
553
1894
104
747
1369
12
318
1086
1578
91
725
243
705
140
117
1558
785
55
1075
529
1566
2000
81
1261
1896
1343
1815
1869
1552
558
1564
194
589
1023
1756
1788
833
230
460
10
575
1901
818
1668
291
639
185
826
757
1982
1067
1775
911
672
701
1486
233
1732
763
194
215
1176
1879
694
892
1107
505
190
455
243
646
244
394
475
1635
1207
48
1041
177
1505
1249
576
1159
182
1776
807
1308
427
1687
1798
227
188
106
1841
1811
1759
782
1916
269
1331
258
194
1898
1195
1946
309
1044
375
401
1272
1225
1533
1066
1480
679
852
783
2013
231
64
1339
597
1249
1174
866
473
1708
1573
1151
35
1001
1375
731
1691
662
1572
915
468
446
526
565
366
1922
1009
552
721
995
1704
1114
412
1327
1825
672
1753
1954
688
2037
1289
1459
1488
105
425
1536
142
603
104
866
1163
1420
1473
1003
1333
1560
362
1058
333
635
1826
1679
171
1904
1305
1738
1275
1690
2012
1590
720
46
779
1481
1466
1397
112
589
1393
1989
1959
887
259
1290
429
1932
967
813
929
527
1251
613
911
1239
1446
1613
181
146
1125
553
1130
1468
463
1533
288
505
1533
1725
888
2031
1976
493
1311
408
648
1091
938
1680
1119
164
388
1367
701
1599
496
485
1574
1329
58
1790
981
1045
808
1915
2033
243
1403
1325
1086
213
2003
420
1270
1403
916
1902
1882
1812
892
1850
1756
858
136
506
100
1592
837
821
1520
655
512
618
466
1831
632
926
1906
850
1856
620
473
1725
149
1869
1198
954
681
217
1391
1668
1823
488
835
657
1981
1742
444
2005
1275
1728
1331
1781
1209
2004
1886
510
1411
710
448
85
733
1039
1545
1753
865
1596
731
710
1481
605
1142
752
129
1955
1674
1471
734
21
704
1052
1764
1552
884
1301
1817
1032
5
1261
646
951
559
1144
1691
1367
675
346
1151
1048
621
1608
456
1358
1642
1544
1452
261
1103
529
1778
1443
837
1121
1102
1499
1157
885
1174
907
287
817
1395
437
672
1212
484
1090
1353
1260
8
1524
767
1279
282
1551
848
882
1330
748
22
134
422
1257
1092
1776
1059
207
690
601
753
1173
1625
683
994
982
2033
